%
%	Data file Y14.M
%
% EURO-ROL currency, starting with January 10, 2002. 
%
%   !!! Non uniform sampling !!!
%
% Day index: ntime. Currency value: y. 
% ~~~~~~~~~~~~~~~~~~~~~~~~~~~~~~~~~~~~ 

	y = [28.218 28.574 28.717 28.354 28.388 28.248 27.781 27.796 ... 
	     28.601 28.607 28.606 28.547 28.011 28.632 27.457 27.401 ...
	     27.315 27.720 27.611 27.759 27.658 27.925 27.882 27.871 ...
	     28.166 28.121 28.114 27.978 28.059 28.065 28.026 28.028 ...
	     27.858 28.157 28.016 28.193 28.504 28.491 28.471 28.217 ...
	     28.217 28.122 28.258 28.157 28.144 28.298 28.408 28.146 ... 
	     28.701 28.562 28.572 28.572 28.513 28.622 28.768 28.891 ... 
	     28.877 28.801 28.284 28.749 28.981 28.958 28.929 28.899 ... 
	     28.889 28.835 28.713 28.706 28.838 28.832 28.846 28.880 ... 
	     28.805 28.794 28.982 28.984 29.030 29.089 29.397 29.399 ...
	     29.467 29.467 29.476 29.593 29.613 29.724 30.071 30.125 ... 
	     29.969 30.354 30.177 30.313 30.670 30.930 30.558 30.331 ... 
	     30.237 30.539 30.623 30.816 30.816 30.999 30.713 31.684 ...
	     31.590 31.711 31.918 32.630 32.320 33.040 32.876 33.369 ... 
	     33.220 32.599 32.431 32.306 32.319 32.319 32.678 32.882 ... 
	     32.882 33.439 33.191 33.190 33.190 33.109 32.459 32.711 ... 
	     32.722 32.722 32.232 32.365 32.209 32.097 32.522 32.132 ... 
	     32.117 32.196 32.196 32.344 32.722 32.826 32.855 32.322 ... 
	     32.508 32.374 32.820 32.756 32.651 32.458 32.460 32.460 ... 
	     32.558 32.909 33.210 33.633 34.000 34.000 33.947 33.859 ...
	     33.876 33.660 33.346 33.631 34.324 34.370 35.018 35.032 ...
	     35.496 35.627 35.875 35.860 35.589 35.993 35.626 35.143] ; 
	y = [y ...
	     35.316 35.055 35.718 35.911 35.776 35.892 36.168 36.374 ...
	     36.302 36.605 36.667 37.492 36.824 36.863 38.221 38.154 ...
	     37.671 36.700 37.005 36.680 37.484 37.997 38.280 38.701 ... 
	     38.804 38.818 39.754 40.829 40.824 40.334 40.506 40.616 ...
	     40.635 40.766 40.806 40.852 40.853 40.750 40.696 40.745 ...
	     40.727 40.570 40.760 40.915 40.856 40.970 41.055 41.124 ...
	     41.088 40.871 40.870 38.693 37.988 37.679 38.584 35.515 ...
	     36.738 37.840 36.768 36.376 36.503 36.510 35.907 36.043 ...
             36.485 36.113 36.156 36.301 36.171 36.156 36.172 36.160 ...
             36.145 36.163 36.138 35.272 35.237 34.592 34.455 35.160 ...
             34.851 36.203 35.983 36.255 36.390 36.632 36.617 36.821 ...
             36.477 36.242 35.513 35.397 35.085 34.954 36.083 36.067 ...
             35.811 35.672 35.334 35.212 35.045 35.236 35.124 34.933 ...
	     34.311 34.304 34.287 34.261 34.179 33.576 33.914 34.053 ...
	     33.943 33.876 33.771 33.722 33.477 33.363 33.328 32.755 ...
	     32.766 32.605 32.606 32.395 32.215 31.699 31.661 33.637 ...
	     33.348 33.618 33.463 33.508 33.969 34.099 34.112 34.414 ...
	     34.451 34.477 34.615 34.764 34.833 34.948 35.393 35.944] ; 
	y = y/10 ;
	y = [y ...
             3.6221 3.5921 3.5865 3.5615 3.5248 3.4973 3.5278 3.5463 ... 
             3.5199 3.5121 3.5163 3.5233 3.5484 3.5584 3.5568 3.5200 ...
             3.4943 3.5925 3.6333 3.6822 3.6621 3.7106 3.6978 3.7044 ... 
             3.6854 3.6972 3.7202 3.7619 3.7635 3.7695 3.7694 3.7420 ...
             3.7246 3.7011 3.6854 3.6095 3.6249 3.6579 3.6670 3.6760 ... 
             3.6323 3.6349 3.6436 3.6388 3.6379 3.6388 3.6578 3.6728 ...
             3.6590 3.6430 3.6474 3.6548 3.7269 3.7617 3.7329 3.6983 ... 
             3.7164 3.6984 3.6799 3.7161 3.7100 3.7608 3.7232 3.7155 ... 
             3.6747 3.6238 3.6066 3.5640 3.6759 3.6632 3.6678 3.6645 ... 
             3.6573 3.6629 3.6732 3.6435 3.6404 3.5224 3.5455 3.6828 ... 
             3.7028 3.7603 3.8720 3.8720 3.9410 3.9277 3.9233 3.7690 ... 
             3.7685 3.6691 3.6207 3.6875 3.6869 3.6262 3.6610 3.7835 ...
             3.8359 3.8121 3.7379 3.7522 3.8391 3.8580 3.7794 3.8874 ... 
             3.9047 3.9151 3.9530 3.9497 3.9297 3.9649 3.9964 3.9852 ...
             4.0296 4.0629 4.0720 4.1385 4.2127 4.2684 4.2985 4.2764 ... 
             4.2655 4.2917 4.3025 4.3098 4.2634 4.2390 4.2987 4.2971 ...
             4.2522 4.2450 4.2942 4.2975 4.2637 4.2797 4.2948 4.2950 ... 
             4.2838 4.2723 4.2348 4.2329 4.1736 4.1923 4.2116 4.2137 ...
             4.2030 4.2463 4.2495 4.2658 4.2293 4.2132 4.2940 4.2937 ... 
             4.2886 4.2877 4.2995 4.3079 4.2955 4.3047 4.2952 4.2967] ; 
	y = [y ...
             4.2778 4.2817 4.2809 4.2648 4.2597 4.2733 4.2807 4.2738 ...
             4.2496 4.2171 4.2062 4.2373 4.2347 4.2077 4.1620 4.1679 ...
             4.1679 4.1383 4.1215 4.1286 4.1382 4.1252 4.1319 4.1214 ...
             4.1397 4.1325 4.1071 4.1173 4.1196 4.1287 4.1357 4.0929 ... 
             4.0898 4.0908 4.0801 4.0888 4.0716 4.0653 4.0729 4.0958 ...
             4.1094 4.0908 4.1308 4.1305 4.1355 4.1397 4.1429 4.1597 ...
	     4.1484 4.1347 4.1411 4.1186 4.1641 4.1756 4.1751 4.1814 ...
	     4.1949 4.2208 4.2163 4.2234 4.2613 4.2393 4.2320 4.2285 ...
	     4.2375 4.2471 4.2580 4.2596 4.2594 4.2628 4.2404 4.2347 ...
	     4.2327 4.2303 4.2356 4.2385 4.2283 4.2718 4.2694 4.2682 ...
	     4.2675 4.2737 4.2779 4.2765 4.2779 4.2807 4.2940 4.3084 ...
	     4.3126 4.2839 4.2883 4.2974 4.2997 4.2929 4.2878 4.2953 ...
             4.2581 4.2523 4.2564 4.2669 4.2578 4.2553 4.2626 4.2632 ...
             4.2485 4.2536 4.2568 4.2600 4.2649 4.2490 4.2065 4.1869 ...
             4.1902 4.1932 4.2042 4.1843 4.1865 4.1439 4.1260 4.1020 ...
             4.0881 4.1065 4.1276 4.0984 4.1140 4.1021 4.0966 4.0869 ...
             4.0910 4.0858 4.0906 4.0860 4.0885 4.1184 4.1333 4.1208 ...
             4.1544 4.1756 4.2160 4.2341 4.2087 4.2838 4.2454 4.2527 ...
             4.2419 4.2855 4.2706 4.2488 4.2228 4.2429 4.2822 4.2902 ...
             4.3218 4.3146 4.3148 4.3346 4.3246 4.3460 4.3479 4.3487] ; 
	y = [y ...
             4.3525 4.3535 4.3429 4.3415 4.3125 4.2875 4.3398 4.3627 ...
             4.3473 4.3463 4.3433 4.3467] ; 

	Ts = NaN ; % Non uniform sampling.
	unit = 'Time [days]' ;
	ntime = [102   103    ... 
	     	104    106    107    108    109    110    111    113    ... 
	     	114    115    116    117    119    120    121    122    ... 
	     	123    124    127    128    129    130    134    135    ... 
	     	136    137    138    139    140    141    142    143    ... 
	     	144    145    146    147    148    149    150    151    ... 
	     	152    153    155    156    157    158    159    160    ...
	     	161    162    163    164    165    166    167    169    ... 
	     	170    171    172    173    174    176    177    178    ...
	     	179    180    184    185    186    187    190    191    ... 
	     	192    193    197    198    199    200    201    202    ... 
	     	204    205    206    208    209    211    212    220    ... 
	     	221    222    223    224    225    226    227    228    ... 
	     	229    231    233    234    236    257    260    261    ... 
	     	262    267    268    269    270    271    274    276    ... 
	     	277    278    279    281    282    288    289    290    ... 
	     	291    292    295    296    297    298    299    302    ... 
	     	303    304    305    306    310    311    312    313    ... 
	     	314    319    336    338    340    362    365    374    ... 
	     	376    379    381    383    386    387    394    396    ...
	     	400    402    407    408    409    414    417    421    ...
	     	426    431    438    460    464    466    471    479] ; 
