%
%	Data file Y15.M
%
% USD-EURO currency, starting with January 10, 2002. 
%
%   !!! Non uniform sampling !!!
%
% Day index: ntime. Currency value: y. 
% ~~~~~~~~~~~~~~~~~~~~~~~~~~~~~~~~~~~~ 

	y = [1.12180 1.12134 1.12123 1.11931 1.12200 1.13546 1.13591 1.13540 ... 
	     1.13122 1.13103 1.13100 1.12896 1.14051 1.14868 1.15870 1.16092 ... 
	     1.16300 1.15447 1.15887 1.15941 1.15999 1.14983 1.15433 1.15085 ... 
	     1.13986 1.14146 1.14179 1.14733 1.14539 1.14521 1.14675 1.14621 ... 
	     1.15294 1.14276 1.14790 1.14857 1.14194 1.14247 1.14324 1.14824 ... 
	     1.15576 1.15531 1.15253 1.15727 1.15772 1.15168 1.14725 1.13725 ... 
	     1.13820 1.14416 1.14377 1.14377 1.14634 1.14266 1.13735 1.13185 ... 
	     1.13327 1.13623 1.13247 1.13697 1.13146 1.13617 1.14038 1.14119 ... 
	     1.14177 1.14220 1.14761 1.14731 1.13946 1.13804 1.13870 1.13748 ... 
	     1.14042 1.14225 1.13517 1.13616 1.13503 1.13624 1.12633 1.12664 ... 
	     1.12330 1.12499 1.12465 1.12697 1.12450 1.11451 1.10970 1.10786 ... 
	     1.10841 1.09901 1.10417 1.09520 1.08875 1.07953 1.09266 1.10227 ... 
	     1.10724 1.09718 1.09394 1.08613 1.08639 1.08222 1.08725 1.05450 ... 
	     1.05923 1.05536 1.04830 1.02102 1.02973 1.01212 1.01587 1.00324 ... 
	     1.00655 1.02185 1.02463 1.02758 1.02722 1.01529 1.01086 0.99280 ... 
	     0.98686 0.99138 0.99458 0.98587 0.98897 1.01066 1.00976 1.00036 ...
	     0.99942 1.01414 1.01885 1.02062 1.02753 1.01321 1.03357 1.03257 ...
	     1.03225 1.02833 1.03072 1.01792 1.01937 1.00471 1.00208 1.02386 ...
	     1.01563 1.02110 1.01402 1.01273 1.01957 1.02811 1.02567 1.02555 ...
	     1.01597 1.01355 1.00524 1.00380 0.98584 0.98899 0.99386 0.99095 ...
	     0.99843 1.00921 1.00675 1.00008 0.98203 0.95928 0.96085 0.95014 ...
	     0.94593 0.93492 0.92537 0.92481 0.93130 0.92619 0.93020 0.93186] ; 
	y = [y ...
	     0.92670 0.93282 0.92601 0.91584 0.94858 0.93331 0.91791 0.93256 ...
	     0.93523 0.93057 0.91016 0.85332 0.84324 0.85150 0.85356 0.86412 ...
	     0.87112 0.89026 0.90955 0.92133 0.90025 0.89000 0.87169 0.85461 ...
	     0.85276 0.86364 0.87508 0.83966 0.82681 0.82697 0.84484 0.83455 ...
	     0.83280 0.81862 0.81172 0.81830 0.82910 0.83215 0.82662 0.82192 ...
	     0.82275 0.82287 0.81364 0.80741 0.80466 0.80959 0.80884 0.83173 ...
	     0.83002 0.78628 0.78437 0.76252 0.76356 0.76326 0.76937 0.77108 ...
	     0.77035 0.76808 0.75691 0.75470 0.76018 0.76193 0.74557 0.74952 ...
             0.77574 0.77266 0.77880 0.77086 0.78300 0.79613 0.79767 0.82998 ...
             0.82426 0.82778 0.82846 0.83378 0.82760 0.81218 0.81231 0.80219 ...
             0.80655 0.83662 0.83656 0.85414 0.85600 0.83315 0.84199 0.82955 ...
             0.82548 0.81999 0.83488 0.83538 0.84193 0.83916 0.79702 0.79502 ...
             0.78993 0.79191 0.77984 0.78854 0.79789 0.79538 0.77642 0.78072 ...
	     0.75072 0.75478 0.75612 0.76215 0.75605 0.75688 0.76340 0.77092 ...
	     0.77159 0.76426 0.76249 0.75719 0.75234 0.73740 0.73482 0.73864 ...
	     0.73912 0.74274 0.74916 0.75126 0.74695 0.74400 0.74271 0.70865 ...
	     0.70289 0.70022 0.70018 0.69622 0.68147 0.68122 0.68055 0.68626 ...
	     0.68570 0.67987 0.68418 0.68513 0.68326 0.67666 0.67612 0.67419] ; 
	y = [y ...
             0.67596 0.67253 0.67328 0.67868 0.67865 0.67712 0.68133 0.67927 ...
             0.68624 0.68324 0.68080 0.68875 0.68724 0.69663 0.69470 0.69759 ...
             0.69639 0.68003 0.67971 0.68109 0.67688 0.67116 0.67337 0.67698 ...
             0.68438 0.68403 0.69066 0.69002 0.68582 0.68373 0.68006 0.67664 ...
             0.67540 0.67288 0.67200 0.67500 0.68104 0.68446 0.68339 0.69045 ... 
             0.68890 0.68558 0.68400 0.68121 0.68322 0.67849 0.67841 0.67387 ...
             0.67505 0.67269 0.66453 0.66272 0.65728 0.65896 0.65756 0.65252 ... 
             0.65063 0.64628 0.64697 0.64126 0.64278 0.63401 0.64735 0.63574 ... 
             0.63573 0.63334 0.62993 0.63053 0.64297 0.64676 0.64840 0.64538 ... 
             0.64570 0.64594 0.64584 0.63398 0.63323 0.67752 0.68543 0.68573 ... 
             0.69758 0.71848 0.72087 0.72087 0.73722 0.73677 0.73354 0.73789 ... 
             0.73541 0.74168 0.75472 0.79707 0.80303 0.76132 0.78552 0.78515 ... 
             0.79846 0.79990 0.78772 0.78807 0.79308 0.77265 0.77756 0.77425 ... 
             0.75916 0.75079 0.68404 0.71383 0.71469 0.71510 0.69870 0.71118 ... 
             0.73027 0.74678 0.73421 0.73621 0.72944 0.74599 0.75222 0.75978 ... 
             0.75346 0.75343 0.77123 0.77414 0.77145 0.75563 0.78559 0.78022 ...
             0.78120 0.77307 0.78015 0.77520 0.78939 0.79260 0.74064 0.73758 ... 
             0.73983 0.73670 0.75227 0.75712 0.75712 0.73754 0.72158 0.71111 ...
             0.71045 0.68999 0.68787 0.68015 0.67664 0.67702 0.67098 0.67070 ... 
             0.67029 0.66500 0.67622 0.67771 0.67343 0.67721 0.66507 0.66905] ; 
	y = [y ...
             0.67205 0.67216 0.66762 0.66885 0.66566 0.66323 0.67024 0.66442 ...
             0.66258 0.66119 0.66404 0.67711 0.67861 0.69363 0.69647 0.69923 ... 
             0.69923 0.68842 0.68878 0.68919 0.70695 0.70491 0.70933 0.72182 ...
             0.73020 0.72983 0.72677 0.73434 0.72762 0.73604 0.74104 0.72572 ...
             0.72911 0.73079 0.73079 0.73934 0.74833 0.74910 0.74230 0.74276 ... 
             0.74074 0.74721 0.74671 0.73504 0.73283 0.73914 0.73803 0.74431 ...
	     0.74021 0.74436 0.74910 0.75179 0.76790 0.78777 0.78803 0.80435 ...
	     0.80619 0.82830 0.82478 0.81593 0.79790 0.79464 0.79520 0.79021 ...
	     0.79021 0.79596 0.79486 0.78691 0.78194 0.77036 0.76773 0.77975 ...
	     0.77853 0.78091 0.77618 0.77478 0.77984 0.72108 0.71619 0.71902 ...
	     0.71717 0.72333 0.71460 0.71009 0.70998 0.71930 0.71768 0.72266 ...
	     0.71405 0.72751 0.72775 0.73463 0.75466 0.75632 0.75244 0.75527 ... 
             0.77344 0.77003 0.76003 0.74776 0.75231 0.74676 0.74265 0.73384 ... 
             0.73673 0.73185 0.73365 0.73293 0.74028 0.74290 0.71321 0.71822 ... 
             0.72037 0.72236 0.72680 0.71570 0.72096 0.70207 0.70405 0.70809 ... 
             0.70634 0.71163 0.70852 0.71047 0.68984 0.69347 0.69157 0.69789 ... 
             0.70046 0.68985 0.68308 0.67369 0.69718 0.70195 0.70619 0.69334 ... 
             0.68166 0.69853 0.70026 0.69103 0.69917 0.71885 0.70554 0.69478 ... 
             0.70735 0.70417 0.69482 0.69161 0.69253 0.70765 0.73446 0.73115 ... 
             0.73187 0.74512 0.72900 0.72212 0.71815 0.72577 0.73376 0.73852] ;
	y = [y ...
             0.74780 0.74143 0.74653 0.76805 0.76413 0.76497 0.77875 0.78369 ...
             0.77434 0.77093 0.75793 0.75892] ; 

	Ts = NaN ; % Non uniform sampling.
	unit = 'Time [days]' ;
